[gd_scene format=3 uid="uid://j1y261c7a4rd"]

[sub_resource type="BoxMesh" id="BoxMesh_1nt6f"]

[sub_resource type="BoxShape3D" id="BoxShape3D_17s4t"]

[sub_resource type="CapsuleMesh" id="CapsuleMesh_5mbwn"]

[sub_resource type="CapsuleShape3D" id="CapsuleShape3D_p4edv"]

[node name="escena principal" type="Node3D" unique_id=1442723265]

[node name="suelo" type="StaticBody3D" parent="." unique_id=1445592973]

[node name="MeshInstance3D" type="MeshInstance3D" parent="suelo" unique_id=2131149824]
transform = Transform3D(7.552183, 0, 0, 0, 1.0000006, 0, 0, 0, 8.380539, 0, 0, 0)
mesh = SubResource("BoxMesh_1nt6f")

[node name="CollisionShape3D" type="CollisionShape3D" parent="suelo" unique_id=364348397]
transform = Transform3D(7.683987, 0, 0, 0, 1, 0, 0, 0, 8.306757, 0, 0, 0)
shape = SubResource("BoxShape3D_17s4t")

[node name="RigidBody3D" type="RigidBody3D" parent="." unique_id=1187837246]
transform = Transform3D(1, 0, 0, 0, 0.97920513, -0.20287275, 0, 0.20287275, 0.97920513, 0, 3.8391242, 0)

[node name="MeshInstance3D" type="MeshInstance3D" parent="RigidBody3D" unique_id=73614755]
mesh = SubResource("CapsuleMesh_5mbwn")

[node name="CollisionShape3D" type="CollisionShape3D" parent="RigidBody3D" unique_id=764040452]
shape = SubResource("CapsuleShape3D_p4edv")

[node name="Camera3D" type="Camera3D" parent="." unique_id=1867740386]
transform = Transform3D(1, 0, 0, 0, 0.9241798, 0.3819577, 0, -0.3819577, 0.9241798, 0, 3.9204283, 6.55527)

[node name="DirectionalLight3D" type="DirectionalLight3D" parent="." unique_id=1706485829]
transform = Transform3D(0.9962145, 0.086929694, -7.4298225e-09, -0.07655761, 0.8773503, 0.47370398, 0.041178953, -0.47191072, 0.88068414, 0, 4.963539, 7.1064277)
